Individual timings: 1.106000e-03 7.700000e-05
Result: 5.041358e+06

Time: 1.183000e-03
