Individual timings: 9.980000e-04 1.273000e-03
Result: 5.042985e+06

Time: 2.271000e-03
